#Creator: pendulumviewEventBuffer
#Creation time: Mon Mar  7 09:51:44 2022
#Time A	Pos A	Time B	Pos B
#[s]	[au]	[s]	[au]
0.026	397	0.050	570
0.076	366	0.101	599
0.127	343	0.152	621
0.177	328	0.203	633
0.228	325	0.253	636
0.279	329	0.304	631
0.330	343	0.354	615
0.380	366	0.406	591
0.431	397	0.456	559
0.481	432	0.507	522
0.532	473	0.557	481
0.583	515	0.608	440
0.634	556	0.658	398
0.684	596	0.710	360
0.735	630	0.760	327
0.785	658	0.811	301
0.837	677	0.861	283
0.887	687	0.912	275
0.938	687	0.963	277
0.988	679	1.014	287
1.039	659	1.064	308
1.090	632	1.115	336
1.141	598	1.165	371
1.191	560	1.217	409
1.242	518	1.267	450
1.292	475	1.318	492
1.344	435	1.368	532
1.394	398	1.419	567
1.445	367	1.470	596
1.495	342	1.521	618
1.546	328	1.572	630
1.596	323	1.622	634
1.648	327	1.673	629
1.698	341	1.723	614
1.749	363	1.775	591
1.799	393	1.825	561
1.850	429	1.876	524
1.901	469	1.926	485
1.952	511	1.977	444
2.002	553	2.028	403
2.053	591	2.079	367
2.103	626	2.129	334
2.155	653	2.180	309
2.205	673	2.230	292
2.256	683	2.281	284
2.306	683	2.332	285
2.357	674	2.383	296
2.407	655	2.433	315
2.459	629	2.484	342
2.509	595	2.534	375
2.560	557	2.586	412
2.610	517	2.636	452
2.661	475	2.687	492
2.712	435	2.737	530
2.763	399	2.788	564
2.813	368	2.839	593
2.864	345	2.890	613
2.914	331	2.940	626
2.966	325	2.991	628
3.016	329	3.041	625
3.067	341	3.092	610
3.117	363	3.143	589
3.168	392	3.194	560
3.218	427	3.244	526
3.270	465	3.295	487
3.320	507	3.345	448
3.371	547	3.397	409
3.421	586	3.447	374
3.472	620	3.498	342
3.523	648	3.548	316
3.574	667	3.599	300
3.624	678	3.650	291
3.675	679	3.701	292
3.725	670	3.751	302
3.777	653	3.802	320
3.827	627	3.852	346
3.878	595	3.904	378
3.928	557	3.954	413
3.979	517	4.005	452
4.029	476	4.055	492
4.081	437	4.106	527
4.131	400	4.156	562
4.182	370	4.208	588
4.232	347	4.258	610
4.283	332	4.309	621
4.334	326	4.359	625
4.385	329	4.410	621
4.435	342	4.461	608
4.486	362	4.512	586
4.536	391	4.562	558
4.588	425	4.613	525
4.638	463	4.663	488
4.689	503	4.715	450
4.739	544	4.765	413
4.790	581	4.816	378
4.840	615	4.866	347
4.892	643	4.917	323
4.942	662	4.967	307
4.993	673	5.019	299
5.043	674	5.069	299
5.094	667	5.120	308
5.145	649	5.170	325
5.196	625	5.221	351
5.246	594	5.272	381
5.297	558	5.323	415
5.347	519	5.373	453
5.399	479	5.424	490
5.449	439	5.474	527
5.500	404	5.526	559
5.550	373	5.576	585
5.601	350	5.627	606
5.651	334	5.677	617
5.703	329	5.728	621
5.753	330	5.778	617
5.804	342	5.830	604
5.854	361	5.880	584
5.905	390	5.931	557
5.956	422	5.981	525
6.007	460	6.032	489
6.057	500	6.083	451
6.108	539	6.134	415
6.158	577	6.184	382
6.210	610	6.235	352
6.260	638	6.285	328
6.311	658	6.337	312
6.361	669	6.387	305
6.412	671	6.438	304
6.462	664	6.488	314
6.514	648	6.539	331
6.564	624	6.589	354
6.615	593	6.641	384
6.665	558	6.691	418
6.716	519	6.742	454
6.767	480	6.792	490
6.818	441	6.843	525
6.868	406	6.894	557
6.919	376	6.945	582
6.969	352	6.995	602
7.021	337	7.046	613
7.071	331	7.096	617
7.122	332	7.148	613
7.172	343	7.198	600
7.223	362	7.249	581
7.273	389	7.299	554
7.325	421	7.350	523
7.375	458	7.400	488
7.426	496	7.452	453
7.476	535	7.502	418
7.527	572	7.553	385
7.578	605	7.603	356
7.629	633	7.654	334
7.680	653	7.705	318
7.730	664	7.756	311
7.781	666	7.806	310
7.832	661	7.857	319
7.883	646	7.907	335
7.933	623	7.959	358
7.984	593	8.009	387
8.034	559	8.060	419
8.086	521	8.110	454
8.136	482	8.161	490
8.187	444	8.211	524
8.237	409	8.263	555
8.288	380	8.313	580
8.338	356	8.364	598
8.390	340	8.414	609
8.440	333	8.465	613
8.491	334	8.516	609
8.541	344	8.567	597
8.592	363	8.617	578
8.643	388	8.668	552
8.694	419	8.718	522
8.744	455	8.770	489
8.795	493	8.820	454
8.845	531	8.871	420
8.897	568	8.921	387
8.947	601	8.972	360
8.998	628	9.022	338
9.048	648	9.074	323
9.099	660	9.124	315
9.149	663	9.175	315
9.201	658	9.225	324
9.251	643	9.276	339
9.302	621	9.327	362
9.352	592	9.378	390
9.403	559	9.428	422
9.454	523	9.479	455
9.505	484	9.529	490
9.555	447	9.581	523
9.606	413	9.631	553
9.656	383	9.682	577
9.708	359	9.732	595
9.758	344	9.783	606
9.809	336	9.833	610
9.859	337	9.885	606
9.910	346	9.935	595
9.960	363	9.986	575
10.012	388	10.036	551
10.062	418	10.087	521
10.113	453	10.138	488
10.163	490	10.189	455
10.214	527	10.239	421
10.265	564	10.290	390
10.316	596	10.340	363
10.366	623	10.392	342
10.417	643	10.442	328
10.467	655	10.493	320
10.519	659	10.543	320
10.569	654	10.594	328
10.620	641	10.644	344
10.670	620	10.696	366
10.721	592	10.747	393
10.771	559	10.797	424
10.823	524	10.848	458
10.873	486	10.898	490
10.924	450	10.950	523
10.974	416	11.000	551
11.025	386	11.051	576
11.076	363	11.101	593
11.127	347	11.152	604
11.177	339	11.203	607
11.228	339	11.254	603
11.278	348	11.304	591
11.330	364	11.355	573
11.380	388	11.405	548
11.431	418	11.457	520
11.481	450	11.507	488
11.532	487	11.558	455
11.582	523	11.608	422
11.634	559	11.659	392
11.684	591	11.709	365
11.735	618	11.761	345
11.785	638	11.811	331
11.836	649	11.862	323
11.887	654	11.912	323
11.938	650	11.963	332
11.988	637	12.014	347
12.039	618	12.065	369
12.089	592	12.115	396
12.141	560	12.166	426
12.191	526	12.216	458
12.242	490	12.268	491
12.292	454	12.318	523
12.343	420	12.369	551
12.393	391	12.419	574
12.445	367	12.470	591
12.495	352	12.520	601
12.546	343	12.572	605
12.596	343	12.622	601
12.647	350	12.673	589
12.698	366	12.723	571
12.749	388	12.774	547
12.799	416	12.825	520
12.850	449	12.876	487
12.900	485	12.926	456
12.952	520	12.977	424
13.002	555	13.027	395
13.053	586	13.079	368
13.103	613	13.129	348
13.154	633	13.180	334
13.204	645	13.230	327
13.256	650	13.281	327
13.306	647	13.331	335
13.357	635	13.383	350
13.407	615	13.433	371
13.458	590	13.484	397
13.509	560	13.534	428
13.560	526	13.585	459
13.610	491	13.636	491
13.661	456	13.687	522
13.711	423	13.737	549
13.763	395	13.788	572
13.813	372	13.838	589
13.864	356	13.890	599
13.914	347	13.940	603
13.965	346	13.991	598
14.016	352	14.041	587
14.067	367	14.092	569
14.117	389	14.142	546
14.168	416	14.194	518
14.218	448	14.244	488
14.269	482	14.295	455
14.320	517	14.345	424
14.371	550	14.396	395
14.421	581	14.447	370
14.472	607	14.498	351
14.522	628	14.548	337
14.574	640	14.599	330
14.624	646	14.649	331
14.675	643	14.701	338
14.725	632	14.751	354
14.776	613	14.802	375
14.827	589	14.852	400
14.878	560	14.903	429
14.928	527	14.953	460
14.979	493	15.005	491
15.029	458	15.055	521
15.080	427	15.106	548
15.131	398	15.156	570
15.182	376	15.207	585
15.233	359	15.258	596
15.283	351	15.309	599
15.334	348	15.359	595
15.385	356	15.410	585
15.436	369	15.460	567
15.486	390	15.512	544
15.537	416	15.562	518
15.587	446	15.613	487
15.639	480	15.663	456
15.689	514	15.714	425
15.740	547	15.764	397
15.790	576	15.816	373
15.841	603	15.866	353
15.891	622	15.917	340
15.943	635	15.967	333
15.993	640	16.018	334
16.044	639	16.069	341
16.094	628	16.120	357
16.145	611	16.170	376
16.196	588	16.221	402
16.247	559	16.271	430
16.297	528	16.323	461
16.348	494	16.373	491
16.398	461	16.424	521
16.450	429	16.474	547
16.500	402	16.525	569
16.551	379	16.576	585
16.601	363	16.627	595
16.652	354	16.677	598
16.702	352	16.728	593
16.754	357	16.778	582
16.804	371	16.829	565
16.855	390	16.880	543
16.905	416	16.931	516
16.956	446	16.981	487
17.007	477	17.032	456
17.058	511	17.082	426
17.108	543	17.134	399
17.159	573	17.184	375
17.209	598	17.235	356
17.261	618	17.285	343
17.311	631	17.336	336
17.362	636	17.387	337
17.412	635	17.438	344
17.463	625	17.488	359
17.513	609	17.539	379
17.565	586	17.589	403
17.615	559	17.640	432
17.666	528	17.691	461
17.716	496	17.742	492
17.767	463	17.792	521
17.818	433	17.843	547
17.869	405	17.893	567
17.919	383	17.945	583
17.970	367	17.995	593
18.020	358	18.046	595
18.072	355	18.096	591
18.122	361	18.147	581
18.173	373	18.198	564
