#Creator: pendulumviewEventBuffer
#Creation time: Mon Mar  7 09:51:44 2022
#Time A	Pos A	Time B	Pos B
#[s]	[au]	[s]	[au]
0.026	463	0.051	439
0.076	499	0.101	437
0.127	535	0.153	438
0.177	568	0.203	439
0.228	597	0.254	442
0.279	622	0.304	446
0.330	638	0.355	451
0.380	647	0.406	456
0.431	649	0.457	463
0.481	642	0.507	469
0.533	628	0.558	475
0.583	606	0.608	480
0.634	578	0.660	485
0.684	546	0.710	489
0.735	512	0.761	490
0.786	477	0.811	491
0.837	443	0.862	489
0.887	411	0.912	487
0.938	384	0.964	483
0.988	363	1.014	477
1.039	350	1.065	470
1.090	343	1.115	464
1.141	343	1.166	456
1.191	352	1.217	449
1.242	368	1.268	442
1.292	391	1.318	435
1.344	418	1.369	431
1.394	450	1.419	428
1.445	484	1.471	427
1.495	519	1.521	427
1.546	551	1.572	429
1.597	581	1.622	433
1.648	606	1.673	439
1.698	625	1.723	445
1.749	636	1.775	453
1.799	641	1.825	461
1.850	638	1.876	470
1.901	627	1.926	478
1.952	609	1.977	486
2.002	586	2.028	492
2.053	557	2.079	497
2.103	526	2.129	500
2.155	492	2.180	501
2.205	459	2.230	500
2.256	427	2.282	497
2.306	400	2.332	492
2.357	377	2.383	486
2.408	362	2.433	478
2.459	352	2.484	469
2.509	349	2.534	457
2.560	352	2.586	446
2.610	365	2.636	437
2.661	383	2.687	428
2.712	408	2.737	422
2.763	437	2.788	418
2.813	470	2.839	416
2.864	503	2.890	416
2.914	536	2.940	419
2.966	566	2.991	424
3.016	592	3.041	431
3.067	613	3.093	440
3.117	627	3.143	450
3.168	635	3.194	460
3.219	634	3.244	471
3.270	627	3.295	481
3.320	612	3.346	491
3.371	591	3.397	498
3.421	566	3.447	506
3.472	537	3.498	509
3.523	505	3.548	512
3.574	474	3.599	510
3.625	443	3.650	507
3.675	415	3.701	501
3.726	391	3.751	493
3.777	374	3.802	483
3.828	361	3.852	472
3.878	356	3.904	461
3.929	358	3.954	449
3.979	367	4.005	437
4.031	382	4.055	426
4.081	403	4.106	417
4.132	428	4.157	411
4.182	457	4.208	408
4.233	488	4.258	406
4.283	519	4.309	408
4.335	549	4.359	413
4.385	576	4.410	420
4.436	597	4.461	430
4.486	613	4.512	442
4.537	624	4.562	453
4.588	627	4.613	467
4.639	622	4.663	480
4.689	614	4.715	495
4.740	596	4.765	503
4.790	573	4.816	512
4.842	547	4.866	519
4.892	519	4.917	522
4.943	488	4.968	521
4.993	458	5.019	519
5.044	431	5.069	512
5.094	406	5.120	503
5.146	387	5.170	491
5.196	374	5.221	479
5.247	365	5.272	464
5.297	364	5.323	450
5.348	370	5.373	436
5.399	381	5.424	424
5.450	399	5.474	413
5.500	422	5.526	405
5.551	448	5.576	399
5.601	476	5.627	398
5.653	506	5.677	399
5.703	534	5.728	404
5.754	560	5.779	411
5.804	582	5.830	422
5.855	599	5.880	434
5.906	611	5.931	448
5.957	617	5.981	463
6.007	616	6.032	478
6.058	609	6.083	493
6.108	596	6.134	506
6.159	577	6.184	516
6.210	555	6.235	524
6.261	529	6.285	529
6.311	501	6.337	530
6.362	473	6.387	528
6.412	447	6.438	522
6.464	423	6.488	513
6.514	402	6.539	501
6.565	387	6.590	488
6.615	377	6.641	472
6.666	373	6.692	456
6.717	375	6.742	441
6.768	384	6.793	425
6.818	398	6.843	412
6.869	417	6.895	401
6.919	440	6.945	394
6.970	465	6.996	389
7.021	493	7.046	389
7.072	519	7.097	392
7.122	544	7.148	400
7.173	567	7.199	410
7.223	585	7.249	424
7.275	598	7.300	439
7.325	606	7.350	456
7.376	608	7.402	473
7.426	604	7.452	490
7.477	594	7.503	505
7.528	579	7.553	519
7.579	559	7.604	529
7.629	536	7.654	536
7.680	511	7.706	539
7.730	486	7.756	537
7.781	460	7.807	533
7.832	437	7.857	524
7.883	417	7.908	512
7.933	401	7.959	497
7.984	390	8.010	480
8.034	384	8.060	463
8.086	384	8.111	445
8.136	389	8.161	428
8.187	400	8.213	412
8.237	415	8.263	400
8.288	435	8.314	390
8.339	457	8.364	384
8.390	481	8.415	382
8.440	505	8.466	383
8.491	529	8.517	390
8.541	551	8.567	400
8.592	569	8.618	414
8.643	583	8.668	430
8.694	592	8.719	448
8.744	597	8.770	466
8.795	596	8.821	485
8.845	589	8.871	502
8.897	577	8.922	518
8.947	562	8.972	530
8.998	542	9.024	540
9.048	520	9.074	545
9.099	497	9.125	546
9.150	473	9.175	542
9.201	451	9.226	534
9.251	432	9.277	523
9.302	416	9.328	508
9.352	403	9.378	490
9.403	396	9.429	472
9.454	393	9.479	452
9.505	396	9.530	433
9.555	404	9.581	415
9.606	416	9.632	400
9.656	432	9.682	388
9.708	452	9.733	379
9.758	473	9.783	375
9.809	495	9.835	375
9.859	516	9.885	381
9.910	537	9.936	390
9.961	555	9.986	404
10.012	569	10.037	420
10.062	580	10.088	439
10.113	585	10.139	458
10.163	586	10.189	479
10.214	582	10.240	498
10.265	574	10.290	515
10.316	561	10.341	531
10.366	545	10.392	542
10.417	526	10.443	550
10.467	506	10.493	552
10.519	484	10.544	550
10.569	465	10.594	543
10.620	446	10.646	533
10.670	430	10.696	518
10.721	417	10.747	501
10.772	409	10.797	481
10.823	404	10.848	460
10.873	404	10.899	439
10.924	410	10.950	420
10.974	419	11.000	403
11.026	432	11.051	388
11.076	448	11.101	378
11.127	466	11.152	371
11.177	485	11.203	370
11.228	504	11.254	373
11.278	523	11.304	381
11.330	540	11.355	393
11.380	554	11.405	410
11.431	565	11.457	428
11.481	572	11.507	449
11.532	575	11.558	470
11.583	574	11.608	491
11.634	568	11.659	511
11.684	558	11.710	528
11.735	545	11.761	542
11.785	530	11.811	551
11.837	512	11.862	556
11.887	494	11.912	556
11.938	476	11.963	552
11.988	459	12.014	542
12.039	444	12.065	529
12.089	432	12.115	511
12.141	423	12.166	492
12.191	417	12.216	470
12.242	416	12.268	448
12.292	418	12.318	427
12.343	425	12.369	407
12.394	434	12.419	391
12.445	447	12.470	378
12.495	462	12.521	370
12.546	478	12.572	365
12.596	495	12.622	367
12.648	512	12.673	373
12.698	527	12.723	385
12.749	540	12.774	399
12.799	551	12.825	418
12.850	559	12.876	439
12.900	563	12.926	461
12.952	562	12.977	483
13.002	560	13.027	505
13.053	553	13.079	524
13.103	543	13.129	539
13.154	530	13.180	551
13.205	516	13.230	558
13.256	500	13.281	560
13.306	485	13.332	558
13.357	470	13.383	550
13.407	456	13.433	537
13.459	445	13.484	521
13.509	436	13.534	502
13.560	430	13.586	480
13.610	428	13.636	458
13.661	428	13.687	435
13.711	432	13.737	414
13.763	440	13.788	396
13.813	449	13.838	381
13.864	461	13.890	369
13.914	474	13.940	364
13.965	489	13.991	363
14.016	503	14.041	367
14.067	516	14.092	376
14.117	528	14.143	391
14.168	538	14.194	407
14.218	546	14.244	429
14.270	550	14.295	451
14.320	552	14.345	474
14.371	550	14.397	496
14.421	545	14.447	517
14.472	538	14.498	534
14.522	528	14.548	549
14.574	517	14.599	558
14.624	505	14.649	563
14.675	492	14.701	562
14.725	479	14.751	557
14.776	467	14.802	546
14.827	457	14.852	531
14.878	448	14.903	512
14.928	443	14.954	490
14.979	439	15.005	467
15.029	439	15.055	444
15.081	441	15.106	422
15.131	446	15.156	402
15.182	453	15.208	385
15.232	462	15.258	372
15.283	473	15.309	364
15.333	484	15.359	361
15.385	496	15.410	363
15.435	507	15.460	370
15.486	517	15.512	382
15.536	527	15.562	399
15.587	533	15.613	418
15.638	538	15.663	441
15.689	540	15.714	464
15.739	539	15.765	487
15.790	536	15.816	509
15.840	532	15.866	528
15.892	524	15.917	545
15.942	516	15.967	556
15.993	506	16.019	563
16.043	496	16.069	564
16.094	486	16.120	561
16.144	477	16.170	552
16.196	468	16.221	539
16.247	460	16.271	521
16.297	455	16.323	501
16.348	451	16.373	478
16.398	451	16.424	455
16.450	451	16.474	432
16.500	454	16.525	410
16.551	459	16.576	391
16.601	466	16.627	376
16.652	473	16.677	366
16.703	482	16.728	360
16.754	491	16.778	360
16.804	500	16.830	365
16.855	508	16.880	376
16.905	515	16.931	391
16.957	521	16.981	410
17.007	524	17.032	431
17.058	527	17.082	454
17.108	528	17.134	478
17.159	526	17.184	500
17.209	523	17.235	521
17.261	519	17.285	538
17.311	513	17.336	552
17.362	506	17.387	561
17.412	498	17.438	566
17.463	491	17.488	563
17.514	484	17.539	557
17.565	477	17.589	545
17.615	471	17.641	530
17.666	466	17.691	510
17.716	463	17.742	488
17.768	463	17.792	464
17.818	462	17.843	442
17.869	464	17.893	419
17.919	467	17.945	399
17.970	471	17.995	383
18.020	476	18.046	370
18.072	482	18.096	363
18.122	488	18.147	360
18.173	495	18.198	363
18.223	500	18.249	371
18.274	507	18.299	385
18.325	510	18.350	401
18.376	514	18.400	422
18.426	516	18.452	444
18.477	516	18.502	467
18.527	515	18.553	490
18.579	514	18.603	512
18.629	511	18.654	531
18.680	507	18.704	546
18.730	503	18.756	557
18.781	498	18.806	564
18.831	493	18.857	565
18.883	488	18.907	560
18.933	484	18.958	550
18.984	480	19.009	536
19.034	477	19.060	519
19.085	474	19.110	497
19.136	474	19.161	475
19.187	473	19.212	452
19.237	474	19.263	429
19.288	476	19.314	408
19.338	479	19.364	390
19.390	481	19.415	377
19.440	485	19.465	366
19.491	488	19.517	362
19.541	492	19.567	362
19.592	496	19.618	369
19.642	498	19.668	379
19.694	501	19.719	395
19.744	503	19.769	413
19.795	504	19.821	435
19.845	505	19.871	457
19.896	505	19.922	480
19.947	504	19.972	502
19.998	502	20.023	522
20.048	500	20.074	539
20.099	498	20.125	552
20.149	495	20.175	559
20.201	493	20.226	562
20.251	491	20.276	560
20.302	489	20.328	553
20.352	487	20.378	541
20.403	486	20.429	525
20.453	485	20.479	506
20.505	484	20.530	484
20.555	484	20.580	461
20.606	485	20.632	439
20.656	486	20.682	417
20.707	486	20.733	400
20.758	487	20.783	384
20.809	489	20.834	373
20.859	490	20.885	366
20.910	491	20.936	364
20.960	492	20.986	368
21.012	493	21.037	377
21.062	493	21.087	390
21.113	494	21.139	407
21.163	494	21.189	426
21.214	494	21.240	448
21.264	493	21.290	470
21.316	493	21.341	492
21.366	493	21.391	512
21.417	492	21.443	530
21.467	492	21.493	545
21.518	492	21.544	555
21.569	491	21.594	559
21.620	492	21.645	559
21.670	491	21.696	554
21.721	492	21.747	545
21.771	493	21.797	530
21.823	493	21.848	513
21.873	494	21.898	493
21.924	494	21.950	471
21.974	495	22.000	450
22.025	495	22.051	428
22.075	495	22.101	409
22.127	495	22.152	392
22.177	495	22.202	379
22.228	493	22.254	371
22.278	492	22.304	367
22.329	491	22.355	369
22.380	490	22.405	375
22.431	488	22.456	386
22.482	487	22.507	401
22.532	486	22.558	419
22.583	485	22.608	439
22.634	485	22.659	460
22.685	484	22.709	482
22.735	484	22.761	502
22.786	485	22.811	521
22.836	486	22.862	536
22.888	487	22.912	547
22.938	489	22.963	554
22.989	491	23.013	556
23.039	493	23.065	553
23.090	496	23.115	546
23.140	497	23.166	534
23.192	500	23.216	519
23.242	501	23.267	500
23.293	503	23.318	480
23.343	503	23.369	459
23.394	503	23.419	439
23.445	503	23.470	419
23.496	502	23.520	402
23.546	500	23.572	388
23.597	497	23.622	378
23.647	495	23.673	373
23.699	491	23.723	372
23.749	488	23.774	376
23.800	485	23.824	384
23.850	483	23.876	398
23.901	479	23.926	413
23.951	477	23.977	432
24.003	476	24.027	452
24.053	476	24.078	472
24.104	476	24.129	493
24.154	477	24.180	511
24.205	479	24.230	527
24.256	482	24.281	539
24.307	485	24.331	547
24.357	489	24.383	551
24.408	493	24.433	551
24.458	497	24.484	545
24.510	501	24.534	536
24.560	505	24.585	523
24.611	508	24.635	506
24.661	510	24.687	488
24.712	511	24.737	468
24.762	511	24.788	448
24.814	510	24.838	429
24.864	508	24.889	412
24.915	506	24.940	397
24.965	502	24.991	387
25.016	498	25.041	379
25.067	493	25.092	378
25.118	488	25.142	379
25.168	483	25.194	386
25.219	479	25.244	396
25.269	475	25.295	410
25.321	471	25.345	426
25.371	469	25.396	445
25.422	468	25.446	464
25.472	468	25.498	483
25.523	469	25.549	501
25.573	472	25.599	516
25.625	475	25.650	530
25.675	480	25.700	539
25.726	485	25.752	545
25.776	491	25.802	546
25.827	497	25.853	543
25.878	502	25.903	536
25.929	508	25.954	525
25.979	512	26.005	511
26.030	516	26.056	494
26.080	518	26.106	476
26.132	519	26.157	457
26.182	518	26.207	439
26.233	516	26.259	422
26.283	512	26.309	407
26.334	508	26.360	395
26.384	502	26.410	387
26.436	496	26.461	383
26.486	490	26.511	384
26.537	484	26.563	388
26.587	477	26.613	396
26.638	472	26.664	407
26.689	467	26.714	422
26.740	464	26.765	438
26.790	462	26.816	456
26.841	461	26.867	474
26.891	463	26.917	491
26.943	465	26.968	507
26.993	469	27.018	520
27.044	474	27.070	531
27.094	480	27.120	538
27.145	487	27.171	541
27.195	495	27.221	539
27.247	502	27.272	534
27.297	509	27.322	525
27.348	515	27.374	513
27.398	519	27.424	498
27.449	524	27.475	482
27.500	525	27.525	465
27.551	525	27.576	448
27.601	523	27.627	432
27.652	520	27.678	417
27.702	514	27.728	405
27.754	508	27.779	396
27.804	501	27.829	391
27.855	493	27.881	389
27.905	485	27.931	392
27.956	478	27.982	397
28.006	470	28.032	407
28.058	464	28.083	419
28.108	459	28.133	434
28.159	456	28.185	450
28.209	455	28.235	465
28.260	455	28.286	482
28.311	458	28.336	497
28.362	462	28.387	511
28.412	468	28.438	521
28.463	475	28.489	529
28.513	483	28.539	532
28.565	492	28.590	534
28.615	500	28.640	530
28.666	509	28.692	524
28.716	516	28.742	513
28.767	522	28.793	502
28.818	527	28.843	487
28.869	530	28.894	472
28.919	531	28.944	456
28.970	530	28.996	441
29.020	526	29.046	427
29.071	521	29.097	415
29.122	514	29.147	405
29.173	506	29.198	400
29.223	497	29.249	397
29.274	489	29.300	397
29.324	479	29.350	401
29.376	471	29.401	408
29.426	463	29.451	418
29.477	457	29.503	430
29.527	452	29.553	445
29.578	450	29.604	459
29.629	450	29.654	474
29.680	451	29.705	489
29.730	455	29.755	501
29.781	461	29.807	512
29.831	469	29.857	519
29.882	478	29.908	525
29.933	487	29.958	527
29.984	497	30.009	526
30.035	507	30.060	520
30.085	516	30.111	513
30.136	523	30.161	503
30.187	530	30.212	491
30.238	534	30.262	477
30.288	536	30.314	463
30.339	535	30.364	450
30.389	533	30.415	436
30.441	528	30.465	425
30.491	521	30.516	415
30.542	512	30.566	408
30.592	503	30.618	405
30.643	492	30.668	404
30.693	482	30.719	406
30.745	472	30.769	411
30.795	463	30.820	419
30.846	455	30.871	429
30.896	450	30.922	441
30.947	446	30.972	454
30.998	445	31.023	467
31.049	446	31.073	480
31.099	449	31.125	492
31.150	456	31.175	503
31.200	463	31.226	511
31.252	472	31.276	517
31.302	482	31.327	519
31.353	493	31.378	519
31.403	504	31.429	516
31.454	514	31.479	510
31.504	524	31.530	502
31.556	531	31.580	492
31.606	537	31.631	481
31.657	540	31.682	469
31.707	540	31.733	457
31.758	538	31.783	445
31.809	534	31.834	434
31.860	527	31.884	425
31.910	519	31.936	417
31.961	508	31.986	413
32.011	497	32.037	411
32.063	486	32.087	412
32.113	475	32.138	416
32.164	465	32.189	422
32.214	456	32.240	430
32.265	448	32.290	440
32.315	443	32.341	451
32.367	441	32.391	462
32.417	441	32.442	473
32.468	444	32.493	484
32.518	449	32.544	493
32.569	457	32.594	502
32.620	466	32.645	507
32.671	477	32.695	510
32.721	488	32.747	511
32.772	499	32.797	510
32.822	511	32.848	506
32.874	522	32.898	500
32.924	531	32.949	492
32.975	537	33.000	483
33.025	542	33.051	473
33.076	543	33.102	462
33.126	543	33.152	451
33.178	539	33.203	443
33.228	533	33.253	433
33.279	524	33.305	427
33.329	514	33.355	422
33.380	503	33.406	419
33.431	491	33.456	419
33.482	479	33.507	422
33.532	467	33.558	426
33.583	457	33.609	432
33.633	449	33.659	439
33.685	443	33.710	449
33.735	438	33.760	458
33.786	438	33.812	468
33.836	439	33.862	477
33.887	444	33.913	485
33.938	451	33.963	492
33.989	460	34.014	498
34.039	471	34.064	502
34.090	482	34.116	503
34.140	495	34.166	503
34.191	507	34.217	501
34.242	519	34.267	496
34.293	529	34.318	490
34.343	537	34.369	483
34.394	543	34.420	475
34.444	546	34.470	466
34.496	546	34.521	458
34.546	543	34.571	449
34.597	538	34.623	442
34.647	530	34.673	435
34.698	520	34.724	432
34.749	508	34.774	429
34.800	496	34.825	428
34.850	484	34.875	428
34.901	471	34.927	432
34.951	460	34.977	436
35.002	450	35.028	441
35.053	442	35.078	448
35.104	438	35.129	456
35.154	435	35.180	464
35.205	436	35.231	471
35.255	439	35.281	478
35.307	446	35.332	484
35.357	455	35.382	490
35.408	465	35.434	493
35.458	477	35.484	495
35.509	490	35.535	496
35.560	502	35.585	494
35.611	515	35.636	491
35.661	526	35.686	487
35.712	535	35.738	481
35.762	542	35.788	475
35.813	546	35.839	468
35.864	548	35.889	462
35.915	546	35.940	455
35.965	542	35.991	449
36.016	535	36.042	445
36.066	525	36.092	440
36.118	514	36.143	438
36.168	502	36.193	436
36.219	489	36.245	436
36.269	476	36.295	438
36.320	464	36.346	441
36.371	453	36.396	445
36.422	444	36.447	450
36.472	438	36.498	455
36.523	435	36.549	460
36.573	433	36.599	467
36.624	437	36.650	472
36.675	442	36.700	478
36.726	449	36.751	481
36.777	460	36.802	485
36.827	471	36.853	487
36.878	484	36.903	488
36.929	497	36.954	486
36.980	510	37.004	485
37.030	522	37.056	482
37.081	532	37.106	478
37.131	540	37.157	474
37.183	546	37.207	470
37.233	548	37.258	464
37.284	549	37.309	460
37.334	545	37.360	455
37.385	539	37.410	452
37.435	530	37.461	448
37.487	520	37.511	446
37.537	508	37.562	445
37.588	494	37.613	445
37.638	481	37.664	445
37.689	468	37.714	447
37.740	457	37.765	449
37.791	447	37.815	453
37.841	440	37.867	457
37.892	435	37.917	460
37.942	434	37.968	464
37.994	435	38.018	468
38.044	439	38.069	470
38.095	446	38.120	474
38.145	455	38.171	476
38.196	466	38.221	478
38.246	478	38.272	478
38.298	491	38.322	479
38.348	504	38.373	478
38.399	517	38.424	476
38.449	528	38.475	474
38.500	537	38.525	471
38.551	543	38.576	469
38.602	548	38.626	466
38.652	549	38.678	463
38.703	547	38.728	460
38.753	541	38.779	458
38.805	534	38.829	455
38.855	524	38.880	454
38.906	513	38.931	453
38.956	500	38.982	453
39.007	486	39.032	453
39.058	474	39.083	454
39.109	461	39.133	456
39.159	451	39.184	457
39.210	443	39.235	459
39.260	437	39.286	461
39.311	434	39.336	463
39.362	434	39.387	465
39.413	437	39.437	467
39.463	443	39.489	468
39.514	451	39.539	469
39.564	461	39.590	470
39.616	474	39.640	471
39.666	486	39.691	471
39.717	499	39.742	470
39.767	512	39.793	469
39.818	523	39.844	468
39.869	533	39.894	468
39.920	541	39.945	466
39.970	546	39.995	465
40.021	548	40.047	464
40.071	547	40.097	463
40.122	544	40.148	462
40.173	537	40.198	462
40.224	528	40.249	461
40.274	517	40.300	461
40.325	505	40.351	461
40.375	492	40.401	461
40.427	479	40.452	461
40.477	467	40.502	462
40.528	456	40.554	462
40.578	447	40.604	463
40.629	440	40.655	463
40.680	436	40.705	464
40.731	435	40.756	463
40.781	437	40.806	464
40.832	441	40.858	464
40.882	448	40.908	464
40.933	457	40.959	464
40.984	468	41.009	463
41.035	481	41.060	463
41.085	493	41.111	463
41.136	506	41.162	463
41.186	518	41.212	463
41.238	529	41.263	463
41.288	537	41.313	463
41.339	543	41.365	464
41.389	546	41.415	465
41.440	547	41.466	464
41.491	544	41.516	466
41.542	539	41.567	465
41.592	531	41.618	466
41.643	521	41.669	465
41.693	510	41.719	467
41.744	497	41.770	466
41.795	485	41.820	466
41.846	473	41.871	466
41.896	462	41.922	465
41.947	451	41.973	465
41.997	444	42.023	465
42.049	439	42.074	464
42.099	437	42.124	463
42.150	437	42.176	462
42.200	440	42.226	461
42.251	446	42.277	461
42.302	454	42.327	460
42.353	464	42.378	460
42.403	476	42.429	460
42.454	488	42.480	460
42.504	500	42.530	460
42.555	512	42.581	461
42.606	523	42.631	461
42.657	532	42.682	463
42.707	539	42.733	464
42.758	543	42.784	464
42.808	545	42.834	465
42.860	544	42.885	467
42.910	540	42.935	467
42.961	533	42.987	468
43.011	524	43.037	469
43.062	514	43.088	470
43.113	502	43.138	470
43.164	490	43.189	469
43.214	478	43.240	469
43.265	466	43.291	468
43.315	457	43.341	467
43.366	448	43.392	466
43.417	442	43.442	464
43.468	439	43.493	463
43.518	438	43.544	462
43.569	440	43.595	461
43.619	445	43.645	459
43.671	452	43.696	459
43.721	461	43.746	458
43.772	471	43.798	458
43.822	483	43.848	458
43.873	495	43.899	458
43.924	507	43.949	459
43.975	517	44.000	460
44.025	527	44.051	461
44.076	534	44.102	463
44.126	540	44.152	464
44.178	542	44.203	466
44.228	542	44.253	467
44.279	539	44.304	469
44.329	534	44.355	470
44.380	527	44.406	471
44.430	517	44.456	472
44.482	506	44.507	472
44.532	495	44.557	472
44.583	483	44.609	471
44.633	473	44.659	470
44.684	462	44.710	469
44.735	454	44.760	467
44.786	447	44.811	465
44.836	442	44.862	464
44.887	440	44.913	462
44.937	441	44.963	459
44.989	445	45.014	458
45.039	450	45.064	457
45.090	458	45.115	456
45.140	468	45.166	456
45.191	479	45.217	456
45.241	490	45.267	456
45.293	501	45.318	457
45.343	512	45.368	458
45.394	522	45.420	459
45.444	530	45.470	462
45.495	535	45.521	463
45.546	539	45.571	465
45.597	540	45.622	467
45.647	539	45.673	469
45.698	535	45.724	471
45.748	528	45.774	473
45.800	520	45.825	474
45.850	511	45.875	474
45.901	499	45.926	473
45.951	489	45.977	474
46.002	477	46.028	473
46.052	468	46.078	471
46.104	458	46.129	468
46.154	451	46.179	467
46.205	446	46.231	465
46.255	443	46.281	462
46.306	443	46.332	460
46.357	445	46.382	458
46.408	450	46.433	456
46.458	457	46.484	455
46.509	465	46.535	454
46.559	475	46.585	453
46.611	485	46.636	454
46.661	495	46.686	454
46.712	506	46.738	455
46.762	516	46.788	458
46.813	525	46.839	459
46.863	531	46.889	462
46.915	536	46.940	464
46.965	537	46.990	467
47.016	537	47.042	469
47.066	534	47.092	471
47.117	529	47.143	473
47.168	522	47.193	475
47.219	514	47.244	476
47.269	504	47.295	476
47.320	493	47.346	475
47.370	483	47.396	475
47.422	473	47.447	473
47.472	464	47.497	471
47.523	456	47.549	469
47.573	450	47.599	465
47.624	447	47.650	464
47.674	445	47.700	461
47.726	446	47.751	458
47.776	450	47.801	456
47.827	455	47.853	454
47.877	462	47.903	453
47.928	471	47.954	452
47.979	481	48.004	451
48.030	491	48.055	452
48.080	501	48.106	453
48.131	511	48.157	455
48.181	519	48.207	457
48.233	527	48.258	460
48.283	531	48.308	463
48.334	534	48.360	466
48.384	535	48.410	469
48.435	533	48.461	471
48.485	529	48.511	474
48.537	524	48.562	476
48.587	516	48.612	477
48.638	507	48.664	477
48.688	497	48.714	477
48.739	487	48.765	477
48.791	477	48.815	475
48.841	468	48.866	473
48.892	461	48.917	470
48.942	454	48.968	468
48.993	450	49.018	465
49.044	448	49.069	462
49.095	448	49.119	459
49.145	450	49.171	456
49.196	455	49.221	454
49.246	461	49.272	452
49.298	468	49.322	450
49.348	478	49.373	450
49.399	487	49.423	451
49.449	496	49.475	452
49.500	506	49.525	453
49.550	514	49.576	455
49.602	522	49.626	458
49.652	527	49.677	462
49.703	531	49.728	465
49.753	532	49.779	467
49.804	532	49.829	471
49.855	529	49.880	473
49.906	524	49.930	476
49.956	518	49.982	477
50.007	509	50.032	478
50.057	501	50.083	478
50.109	492	50.133	478
50.159	482	50.184	477
50.210	473	50.234	475
50.260	465	50.286	473
50.311	459	50.336	469
50.361	454	50.387	467
50.413	451	50.437	463
50.463	450	50.488	460
50.514	452	50.539	457
50.564	455	50.590	454
50.615	460	50.640	451
50.666	466	50.691	451
50.717	475	50.741	449
50.767	484	50.793	450
50.818	492	50.843	450
50.868	501	50.894	452
50.920	509	50.944	454
50.970	517	50.995	457
51.021	523	51.045	460
51.071	527	51.097	463
51.122	529	51.147	467
51.172	529	51.198	470
51.224	528	51.248	473
51.274	524	51.299	476
51.325	518	51.350	478
51.375	512	51.401	479
51.426	504	51.451	480
51.477	495	51.502	479
51.528	486	51.552	478
51.578	478	51.604	477
51.629	471	51.654	475
51.679	464	51.705	471
51.731	459	51.755	468
51.781	455	51.806	465
51.832	453	51.856	461
51.882	454	51.908	458
51.933	456	51.959	454
51.983	460	52.009	452
52.035	466	52.060	450
52.085	473	52.110	449
52.136	480	52.162	449
52.186	488	52.212	449
52.237	497	52.263	450
52.288	505	52.313	452
52.339	512	52.364	455
52.389	518	52.415	458
52.440	522	52.466	462
52.490	525	52.516	465
52.542	526	52.567	469
52.592	526	52.617	473
52.643	522	52.669	475
52.693	519	52.719	478
52.744	513	52.770	480
52.794	506	52.820	480
52.846	498	52.871	480
52.896	490	52.921	480
52.947	482	52.973	478
52.997	474	53.023	476
53.048	468	53.074	473
53.099	462	53.124	470
53.150	459	53.175	466
53.200	457	53.226	463
53.251	457	53.277	459
53.301	458	53.327	456
53.353	461	53.378	453
53.403	465	53.428	450
53.454	471	53.480	449
53.504	478	53.530	448
53.555	485	53.581	448
53.605	492	53.631	449
53.657	501	53.682	451
53.707	507	53.732	453
53.758	513	53.784	457
53.808	518	53.834	459
53.859	522	53.885	464
53.910	523	53.935	467
53.961	523	53.986	471
54.011	522	54.037	474
54.062	518	54.088	477
54.112	513	54.138	479
54.164	507	54.189	481
54.214	500	54.239	480
54.265	493	54.291	480
54.315	486	54.341	479
54.366	479	54.392	477
54.416	472	54.442	474
54.468	467	54.493	471
54.518	463	54.543	468
54.569	460	54.595	464
54.619	459	54.645	460
54.670	460	54.696	457
54.721	461	54.746	454
54.772	465	54.797	451
54.822	470	54.848	449
54.873	476	54.899	448
54.923	483	54.949	448
54.975	489	55.000	449
55.025	497	55.050	450
55.076	503	55.102	452
55.126	509	55.152	455
55.177	514	55.203	459
55.227	518	55.253	462
55.279	520	55.304	465
55.329	521	55.354	470
55.380	519	55.406	473
55.430	517	55.456	476
55.481	513	55.507	479
55.532	508	55.557	480
55.583	503	55.608	481
55.634	495	55.659	481
55.684	489	55.710	480
55.735	483	55.760	478
55.786	477	55.811	476
55.837	471	55.861	473
55.887	467	55.913	469
55.938	464	55.963	466
55.988	462	56.014	462
56.040	462	56.064	459
56.090	463	56.115	454
56.141	466	56.165	453
56.191	470	56.217	450
56.242	475	56.267	449
56.292	480	56.318	448
56.344	487	56.368	448
56.394	493	56.419	449
56.445	499	56.470	451
56.495	505	56.521	454
56.546	510	56.571	457
56.597	513	56.622	461
56.648	516	56.672	464
56.698	517	56.724	468
56.749	517	56.774	472
56.799	516	56.825	475
56.851	513	56.875	478
56.901	509	56.926	480
56.952	504	56.976	481
57.002	498	57.028	481
57.053	491	57.078	481
57.103	486	57.129	479
57.155	480	57.179	477
57.205	475	57.230	474
57.256	470	57.281	471
57.306	467	57.332	467
57.357	465	57.382	464
57.408	465	57.433	460
57.459	465	57.483	457
57.509	467	57.535	453
57.560	470	57.585	451
57.610	474	57.636	449
57.662	479	57.686	449
57.712	485	57.737	448
57.763	490	57.787	449
57.813	496	57.839	450
57.864	502	57.889	454
57.914	506	57.940	456
57.966	510	57.990	460
58.016	513	58.041	463
58.067	514	58.092	466
58.117	515	58.143	471
58.168	514	58.193	474
58.219	512	58.244	477
58.270	508	58.294	479
58.320	504	58.346	480
58.371	499	58.396	480
58.421	494	58.447	481
58.473	489	58.497	480
58.523	484	58.548	478
58.574	478	58.598	475
58.624	475	58.650	472
58.675	471	58.701	469
58.725	469	58.751	465
58.777	467	58.802	461
58.827	467	58.852	458
58.878	469	58.904	455
58.928	471	58.954	452
58.979	475	59.005	451
59.030	478	59.055	449
59.081	483	59.106	449
59.131	488	59.157	449
59.182	493	59.208	451
59.232	498	59.258	453
59.284	502	59.309	455
59.334	506	59.359	459
59.385	509	59.411	462
59.435	511	59.461	466
59.486	512	59.512	469
59.536	511	59.562	472
59.588	510	59.613	475
59.638	507	59.663	478
59.689	504	59.715	479
59.739	500	59.765	480
59.790	495	59.816	480
59.841	491	59.866	479
59.892	485	59.917	478
59.942	481	59.968	476
59.993	477	60.019	473
60.043	474	60.069	470
60.095	471	60.120	466
60.145	470	60.170	463
60.196	470	60.222	460
60.246	471	60.272	456
60.297	472	60.323	454
60.347	475	60.373	452
60.399	478	60.424	451
60.449	482	60.474	450
60.500	486	60.526	451
