#Creator: pendulumviewEventBuffer
#Creation time: Mon Mar  7 09:51:44 2022
#Time A	Pos A	Time B	Pos B
#[s]	[au]	[s]	[au]
0.026	521	0.050	488
0.076	484	0.101	487
0.127	446	0.153	487
0.177	409	0.203	487
0.228	375	0.254	487
0.279	345	0.304	487
0.330	320	0.355	487
0.380	302	0.406	487
0.431	292	0.457	487
0.481	290	0.507	487
0.533	295	0.558	487
0.583	308	0.608	487
0.634	327	0.660	487
0.684	353	0.710	487
0.735	383	0.761	488
0.785	417	0.811	487
0.837	453	0.862	488
0.887	489	0.912	488
0.938	523	0.964	487
0.988	554	1.014	487
1.039	578	1.065	488
1.090	596	1.115	488
1.141	607	1.166	488
1.191	610	1.217	487
1.242	606	1.268	487
1.292	593	1.318	487
1.344	574	1.369	487
1.394	549	1.419	488
1.445	518	1.471	488
1.495	484	1.521	488
1.546	449	1.572	487
1.596	413	1.622	487
1.648	381	1.673	488
1.698	351	1.723	487
1.749	327	1.775	488
1.799	310	1.825	487
1.850	300	1.876	487
1.901	298	1.926	487
1.952	304	1.977	488
2.002	317	2.028	487
2.053	335	2.079	488
2.103	361	2.129	487
2.155	390	2.180	488
2.205	422	2.230	487
2.256	456	2.282	487
2.306	489	2.332	487
2.357	521	2.383	487
2.407	548	2.433	487
2.459	571	2.484	487
2.509	587	2.534	488
2.560	597	2.586	488
2.610	599	2.636	488
2.661	594	2.687	487
2.712	581	2.737	488
2.763	564	2.788	487
2.813	540	2.839	487
2.864	512	2.890	488
2.914	481	2.940	488
2.966	448	2.991	487
3.016	416	3.041	487
3.067	385	3.093	487
3.117	358	3.143	487
3.168	336	3.194	488
3.219	320	3.244	487
3.270	311	3.295	487
3.320	309	3.345	487
3.371	313	3.397	488
3.421	324	3.447	487
3.472	342	3.498	487
3.523	365	3.548	488
3.574	393	3.599	487
3.624	423	3.650	488
3.675	455	3.701	487
3.725	487	3.751	487
3.777	517	3.802	487
3.827	543	3.852	488
3.878	565	3.904	487
3.928	580	3.954	488
3.979	588	4.005	487
4.030	591	4.055	488
4.081	585	4.106	487
4.131	575	4.156	488
4.182	557	4.208	487
4.232	534	4.258	487
4.283	507	4.309	488
4.334	478	4.359	487
4.385	446	4.410	487
4.436	416	4.461	487
4.486	387	4.512	487
4.537	363	4.562	487
4.588	342	4.613	488
4.639	327	4.663	487
4.689	319	4.715	487
4.740	317	4.765	487
4.790	322	4.816	487
4.842	333	4.866	487
4.892	349	4.917	488
4.943	372	4.967	487
4.993	398	5.019	487
5.044	426	5.069	487
5.094	456	5.120	487
5.146	485	5.170	488
5.196	513	5.221	487
5.247	538	5.272	488
5.297	558	5.323	487
5.348	572	5.373	487
5.399	581	5.424	487
5.450	583	5.474	487
5.500	578	5.526	487
5.551	567	5.576	488
5.601	550	5.627	487
5.653	529	5.677	487
5.703	503	5.728	488
5.754	476	5.779	487
5.804	446	5.830	487
5.855	418	5.880	488
5.905	390	5.931	488
5.957	367	5.981	487
6.007	348	6.032	487
6.058	333	6.083	487
6.108	325	6.134	488
6.159	324	6.184	487
6.210	329	6.235	487
6.261	339	6.285	487
6.311	356	6.337	487
6.362	377	6.387	487
6.412	402	6.438	487
6.464	429	6.488	487
6.514	458	6.539	487
6.565	485	6.590	488
6.615	512	6.641	488
6.666	535	6.691	487
6.716	553	6.742	488
6.768	566	6.792	488
6.818	575	6.843	488
6.869	576	6.894	487
6.919	571	6.945	488
6.970	561	6.995	487
7.021	545	7.046	488
7.072	524	7.096	487
7.122	499	7.148	488
7.173	473	7.198	487
7.223	446	7.249	487
7.275	418	7.299	487
7.325	393	7.350	488
7.376	370	7.401	487
7.426	352	7.452	487
7.477	339	7.503	487
7.527	332	7.553	487
7.579	330	7.604	488
7.629	335	7.654	487
7.680	346	7.706	488
7.730	362	7.756	488
7.781	382	7.807	488
7.832	405	7.857	487
7.883	431	7.908	487
7.933	458	7.959	487
7.984	485	8.010	487
8.034	510	8.060	487
8.086	532	8.111	487
8.136	549	8.161	487
8.187	562	8.213	488
8.237	568	8.263	488
8.288	570	8.314	488
8.339	565	8.364	488
8.390	554	8.415	487
8.440	539	8.465	488
8.491	519	8.517	488
8.541	495	8.567	488
8.592	470	8.618	487
8.643	444	8.668	487
8.694	418	8.719	487
8.744	394	8.770	487
8.795	373	8.821	487
8.845	357	8.871	487
8.897	344	8.922	487
8.947	338	8.972	487
8.998	336	9.024	488
9.048	341	9.074	488
9.099	352	9.125	487
9.150	367	9.175	488
9.201	386	9.226	487
9.251	408	9.276	487
9.302	433	9.328	488
9.352	459	9.378	488
9.403	484	9.429	488
9.454	507	9.479	488
9.505	528	9.530	487
9.555	545	9.581	488
9.606	557	9.632	487
9.656	563	9.682	488
9.708	563	9.733	488
9.758	559	9.783	488
9.809	549	9.835	487
9.859	534	9.885	488
9.910	515	9.936	487
9.961	493	9.986	487
10.012	468	10.037	488
10.062	443	10.087	488
10.113	418	10.139	487
10.163	396	10.189	487
10.214	376	10.240	488
10.265	360	10.290	487
10.316	349	10.341	488
10.366	342	10.392	487
10.417	342	10.443	487
10.467	347	10.493	487
10.519	357	10.544	488
10.569	371	10.594	487
10.620	391	10.646	487
10.670	412	10.696	487
10.721	435	10.747	488
10.772	460	10.797	487
10.823	484	10.848	488
10.873	506	10.899	488
10.924	526	10.950	487
10.974	541	11.000	488
11.025	552	11.051	487
11.076	557	11.101	488
11.127	559	11.152	487
11.178	553	11.203	488
11.228	543	11.254	488
11.279	529	11.304	488
11.330	511	11.355	487
11.381	489	11.405	487
11.431	466	11.457	487
11.482	442	11.507	487
11.532	419	11.558	488
11.584	398	11.608	487
11.634	379	11.659	488
11.685	364	11.710	487
11.735	353	11.761	488
11.786	348	11.811	487
11.836	347	11.862	487
11.888	352	11.912	487
11.938	362	11.963	488
11.989	376	12.014	488
12.039	394	12.065	487
12.090	415	12.115	487
12.141	437	12.166	487
12.192	461	12.216	488
12.242	484	12.268	487
12.293	505	12.318	488
12.343	523	12.369	487
12.395	537	12.419	488
12.445	548	12.470	487
12.496	553	12.521	488
12.546	553	12.572	487
12.597	548	12.622	487
12.647	538	12.673	488
12.699	525	12.723	487
12.749	506	12.774	488
12.800	486	12.825	488
12.850	464	12.876	488
12.901	441	12.926	488
12.952	419	12.977	487
13.003	398	13.027	487
13.053	380	13.079	487
13.104	367	13.129	487
13.154	357	13.180	487
13.206	352	13.230	487
13.256	352	13.281	488
13.307	357	13.332	487
13.357	367	13.383	487
13.408	381	13.433	488
13.459	398	13.484	488
13.510	417	13.534	488
13.560	440	13.585	487
13.611	462	13.636	487
13.661	483	13.687	487
13.712	503	13.737	488
13.763	520	13.788	487
13.814	534	13.838	488
13.864	543	13.890	488
13.915	549	13.940	488
13.965	548	13.991	487
14.017	543	14.041	488
14.067	533	14.092	488
14.118	520	14.143	487
14.168	503	14.194	488
14.219	483	14.245	487
14.270	462	14.295	487
14.321	441	14.346	487
14.371	419	14.396	487
14.422	400	14.448	487
14.472	384	14.498	488
14.523	370	14.549	487
14.574	361	14.599	488
14.625	356	14.650	488
14.675	357	14.701	488
14.726	361	14.752	488
14.776	371	14.802	487
14.828	384	14.853	488
14.878	401	14.903	487
14.929	420	14.955	488
14.979	441	15.005	487
15.030	462	15.056	488
15.081	482	15.106	487
15.132	502	15.157	488
15.182	518	15.207	488
15.233	531	15.259	487
15.283	540	15.309	487
15.334	544	15.360	488
15.385	544	15.410	488
15.436	539	15.461	487
15.486	529	15.512	487
15.537	516	15.563	487
15.587	499	15.613	488
15.639	481	15.664	486
15.689	460	15.714	488
15.740	440	15.766	487
15.790	419	15.816	488
15.841	401	15.867	488
15.892	385	15.917	488
15.943	373	15.968	487
15.993	365	16.019	487
16.044	361	16.070	488
16.094	361	16.120	487
16.145	366	16.171	488
16.196	375	16.221	488
16.247	388	16.272	488
16.297	404	16.323	487
16.348	423	16.374	488
16.398	442	16.424	487
16.450	463	16.475	488
16.500	483	16.525	487
16.551	501	16.577	487
16.601	516	16.627	488
16.652	528	16.678	487
16.703	536	16.728	488
16.754	540	16.779	488
16.804	540	16.830	487
16.855	534	16.881	487
16.905	526	16.931	488
16.956	513	16.982	488
17.007	497	17.032	488
17.058	478	17.083	488
17.108	459	17.134	487
17.159	439	17.185	488
17.209	420	17.235	488
17.261	402	17.286	487
17.311	388	17.336	487
17.362	376	17.388	488
17.412	368	17.438	487
17.463	365	17.489	487
17.514	366	17.539	487
17.565	371	17.590	487
17.615	379	17.641	487
17.666	392	17.692	488
17.716	407	17.742	487
17.767	425	17.793	487
17.818	444	17.843	487
17.869	464	17.894	488
17.919	482	17.945	487
17.970	499	17.996	487
18.020	514	18.046	488
18.072	525	18.097	487
18.122	532	18.147	488
18.173	536	18.199	487
18.223	535	18.249	488
18.274	530	18.300	488
18.325	522	18.350	488
18.376	508	18.401	487
18.426	493	18.452	487
18.477	475	18.503	488
18.527	457	18.553	488
18.579	438	18.604	487
18.629	420	18.654	488
18.680	403	18.705	488
18.730	390	18.756	487
18.781	378	18.807	487
18.831	371	18.857	487
18.883	368	18.908	488
18.933	369	18.958	487
18.984	374	19.010	488
19.034	383	19.060	487
19.085	395	19.111	488
19.136	410	19.161	488
19.187	427	19.212	488
19.237	445	19.263	487
19.288	464	19.314	487
19.338	482	19.364	488
19.390	498	19.415	487
19.440	512	19.465	488
19.491	523	19.516	488
19.541	529	19.567	488
19.592	533	19.618	488
19.642	532	19.668	488
19.694	527	19.719	488
19.744	517	19.769	487
19.795	505	19.821	488
19.845	490	19.871	488
19.896	474	19.922	487
19.947	456	19.972	487
19.998	438	20.023	487
20.048	420	20.074	488
20.099	404	20.125	488
20.149	391	20.175	487
20.201	381	20.226	488
20.251	374	20.276	488
20.302	372	20.327	488
20.352	373	20.378	487
20.403	378	20.429	488
20.453	386	20.479	487
20.505	398	20.530	488
20.555	413	20.580	487
20.606	430	20.632	487
20.656	447	20.682	488
20.707	464	20.733	488
20.758	481	20.783	488
20.809	497	20.834	487
20.859	510	20.885	487
20.910	520	20.936	487
20.960	526	20.986	488
21.012	529	21.037	487
21.062	528	21.087	487
21.113	522	21.139	488
21.163	514	21.189	487
21.214	502	21.240	488
21.264	488	21.290	487
21.316	471	21.341	488
21.366	454	21.391	487
21.417	438	21.443	488
21.467	421	21.493	487
21.518	406	21.544	488
21.569	393	21.594	487
21.620	384	21.645	488
21.670	377	21.696	488
21.721	375	21.747	487
21.771	376	21.797	487
21.823	382	21.848	487
21.873	390	21.898	488
21.924	401	21.950	487
21.974	416	22.000	488
22.025	432	22.051	487
22.075	448	22.101	488
22.127	465	22.152	487
22.177	481	22.202	488
22.228	495	22.254	487
22.278	508	22.304	488
22.329	518	22.355	488
22.380	523	22.405	487
22.431	526	22.456	487
22.481	524	22.507	488
22.532	519	22.558	488
22.582	510	22.608	487
22.634	499	22.659	487
22.684	485	22.709	487
22.735	470	22.761	488
22.785	453	22.811	487
22.836	437	22.862	488
22.886	421	22.912	487
22.938	407	22.963	487
22.988	395	23.013	488
23.039	386	23.065	487
23.089	380	23.115	487
23.140	378	23.166	488
23.191	380	23.216	488
23.242	385	23.267	488
23.292	393	23.318	487
23.343	404	23.369	487
23.393	418	23.419	488
23.445	433	23.470	487
23.495	450	23.520	487
23.546	465	23.572	487
23.596	481	23.622	488
23.647	495	23.673	488
23.697	506	23.723	487
23.749	515	23.774	488
23.800	521	23.824	488
23.850	522	23.876	488
23.901	521	23.926	487
23.951	516	23.977	487
24.003	507	24.027	487
24.053	496	24.078	488
24.104	483	24.129	488
24.154	468	24.180	488
24.205	452	24.230	487
24.256	436	24.281	488
24.307	421	24.331	488
24.357	408	24.383	488
24.408	396	24.433	487
24.458	388	24.484	487
24.510	383	24.534	487
24.560	382	24.585	487
24.611	383	24.635	488
24.661	388	24.687	487
24.712	396	24.737	488
24.762	407	24.788	487
24.814	421	24.838	488
24.864	435	24.889	487
24.915	450	24.940	487
24.965	466	24.991	488
25.016	481	25.041	488
25.067	493	25.092	488
25.118	505	25.142	487
25.168	513	25.194	488
25.219	518	25.244	487
25.269	520	25.295	488
25.321	518	25.345	487
25.371	512	25.396	487
25.422	504	25.446	487
25.472	493	25.498	488
25.523	480	25.548	487
25.573	466	25.599	487
25.625	451	25.649	487
25.675	436	25.700	487
25.726	421	25.751	488
25.776	409	25.802	487
25.827	398	25.852	488
25.878	390	25.903	487
25.929	386	25.953	488
25.979	384	26.005	487
26.030	386	26.055	487
26.080	391	26.106	487
26.132	400	26.156	488
26.182	410	26.207	487
26.233	423	26.257	487
26.283	437	26.309	487
26.334	452	26.359	488
26.384	466	26.410	487
26.436	480	26.460	487
26.486	493	26.511	488
26.537	503	26.562	488
26.587	511	26.613	488
26.638	515	26.663	488
26.689	516	26.714	488
26.740	514	26.765	487
26.790	510	26.816	488
26.841	501	26.867	487
26.891	490	26.917	488
26.943	478	26.968	488
26.993	464	27.018	487
27.044	450	27.070	488
27.094	436	27.120	487
27.145	422	27.171	488
27.195	410	27.221	487
27.247	400	27.272	487
27.297	393	27.322	487
27.348	389	27.374	488
27.398	387	27.424	488
27.449	389	27.475	488
27.500	394	27.525	487
27.551	403	27.576	488
27.601	412	27.627	488
27.652	425	27.678	487
27.702	438	27.728	488
27.754	453	27.779	488
27.804	467	27.829	488
27.855	480	27.881	487
27.905	492	27.931	488
27.956	501	27.982	487
28.006	509	28.032	488
28.058	512	28.083	487
28.108	514	28.133	488
28.159	511	28.185	487
28.209	507	28.235	488
28.260	498	28.286	487
28.311	488	28.336	488
28.362	476	28.387	488
28.412	463	28.438	487
28.463	449	28.489	488
28.513	435	28.539	488
28.565	423	28.590	487
28.615	411	28.640	487
28.666	401	28.692	488
28.716	395	28.742	487
28.767	391	28.793	488
28.817	390	28.843	488
28.869	392	28.894	487
28.919	397	28.944	487
28.970	405	28.996	488
29.020	415	29.046	488
29.071	427	29.097	487
29.122	440	29.147	488
29.173	453	29.198	488
29.223	467	29.249	487
29.274	479	29.300	488
29.324	491	29.350	488
29.376	500	29.401	488
29.426	506	29.451	487
29.477	510	29.503	488
29.527	511	29.553	487
29.578	508	29.604	487
29.628	504	29.654	487
29.680	495	29.705	488
29.730	486	29.755	488
29.781	474	29.807	488
29.831	461	29.857	487
29.882	448	29.908	488
29.933	435	29.958	487
29.984	423	30.009	488
30.035	411	30.060	487
30.085	403	30.111	487
30.136	397	30.161	488
30.187	394	30.212	487
30.238	393	30.262	487
30.288	395	30.314	488
30.339	400	30.364	488
30.389	408	30.415	487
30.441	417	30.465	488
30.491	429	30.516	487
30.542	441	30.566	488
30.592	454	30.618	488
30.643	467	30.668	488
30.693	479	30.719	487
30.745	490	30.769	488
30.795	498	30.820	488
30.846	504	30.871	487
30.896	507	30.922	487
30.947	508	30.972	487
30.998	506	31.023	488
31.049	501	31.073	487
31.099	493	31.125	488
31.150	484	31.175	487
31.200	472	31.226	488
31.252	460	31.276	487
31.302	447	31.327	488
31.353	435	31.377	487
31.403	423	31.429	487
31.454	413	31.479	487
31.504	405	31.530	487
31.556	398	31.580	488
31.606	396	31.631	487
31.657	395	31.682	488
31.707	398	31.733	487
31.758	403	31.783	488
31.809	410	31.834	487
31.860	419	31.884	488
31.910	431	31.936	487
31.961	443	31.986	488
32.011	455	32.037	487
32.063	467	32.087	487
32.113	479	32.138	487
32.164	488	32.188	488
32.214	496	32.240	487
32.265	502	32.290	488
32.315	505	32.341	488
32.367	506	32.391	487
32.417	503	32.442	488
32.468	498	32.493	487
32.518	490	32.544	488
32.569	481	32.594	488
32.620	471	32.645	488
32.671	458	32.695	487
32.721	447	32.747	488
32.772	434	32.797	488
32.822	424	32.848	488
32.874	414	32.898	487
32.924	406	32.949	487
32.975	401	32.999	487
33.025	398	33.051	487
33.076	398	33.102	488
33.126	400	33.152	487
33.178	405	33.203	488
33.228	412	33.253	487
33.279	422	33.305	488
33.329	432	33.355	488
33.380	444	33.406	488
33.431	456	33.456	487
33.482	467	33.507	488
33.532	478	33.558	487
33.583	487	33.609	487
33.633	495	33.659	488
33.685	500	33.710	487
33.735	502	33.760	488
33.786	503	33.812	488
33.836	500	33.862	488
33.887	495	33.913	487
33.937	488	33.963	487
33.989	479	34.014	487
34.039	469	34.064	488
34.090	457	34.116	487
34.140	446	34.166	487
34.191	434	34.217	488
34.242	424	34.267	487
34.293	415	34.318	488
34.343	408	34.369	487
34.394	402	34.420	488
34.444	400	34.470	487
34.496	400	34.521	488
34.546	402	34.571	488
34.597	408	34.623	488
34.647	415	34.673	488
34.698	423	34.724	488
34.748	434	34.774	488
34.800	445	34.825	488
34.850	456	34.875	487
34.901	468	34.927	487
34.951	477	34.977	488
35.002	486	35.028	488
35.053	493	35.078	488
35.104	498	35.129	487
35.154	501	35.180	488
35.205	500	35.231	487
35.255	497	35.281	488
35.307	493	35.332	487
35.357	485	35.382	487
35.408	477	35.434	488
35.458	467	35.484	488
35.509	456	35.535	488
35.559	446	35.585	488
35.611	435	35.636	488
35.661	425	35.686	487
35.712	416	35.738	488
35.762	409	35.788	487
35.813	404	35.839	487
35.864	402	35.889	487
35.915	403	35.940	488
35.965	405	35.991	488
36.016	410	36.042	487
36.066	416	36.092	488
36.118	426	36.143	487
36.168	435	36.193	488
36.219	446	36.245	488
36.269	456	36.295	488
36.320	467	36.346	487
36.371	477	36.396	488
36.422	485	36.447	487
36.472	492	36.497	488
36.523	496	36.549	487
36.573	498	36.599	488
36.624	498	36.650	487
36.675	495	36.700	487
36.726	490	36.751	488
36.776	484	36.802	487
36.827	475	36.853	488
36.877	465	36.903	488
36.929	455	36.954	488
36.979	445	37.004	487
37.030	434	37.056	487
37.080	425	37.106	487
37.131	417	37.157	488
37.182	411	37.207	487
37.233	406	37.258	488
37.283	405	37.308	487
37.334	405	37.360	487
37.384	408	37.410	488
37.435	412	37.461	488
37.486	419	37.511	488
37.537	428	37.562	487
37.588	437	37.613	488
37.638	447	37.664	487
37.689	457	37.714	488
37.740	467	37.765	487
37.791	476	37.815	488
37.841	484	37.867	487
37.892	490	37.917	488
37.942	494	37.968	487
37.994	496	38.018	488
38.044	495	38.069	487
38.095	493	38.119	487
38.145	488	38.171	488
38.196	482	38.221	487
38.246	473	38.272	488
38.298	464	38.322	487
38.348	454	38.373	487
38.399	444	38.424	487
38.449	434	38.475	488
38.500	426	38.525	487
38.551	418	38.576	488
38.602	412	38.626	487
38.652	408	38.678	488
38.703	407	38.728	488
38.753	407	38.779	488
38.805	410	38.829	487
38.855	414	38.880	487
38.906	421	38.931	487
38.956	429	38.982	487
39.007	438	39.032	487
39.057	448	39.083	488
39.109	458	39.133	487
39.159	467	39.184	487
39.210	476	39.235	488
39.260	483	39.286	488
39.311	489	39.336	487
39.362	492	39.387	487
39.413	494	39.437	488
39.463	494	39.489	488
39.514	491	39.539	487
39.564	485	39.590	488
39.616	480	39.640	487
39.666	472	39.691	488
39.717	463	39.742	487
39.767	453	39.793	488
39.818	444	39.843	487
39.868	435	39.894	488
39.920	426	39.944	487
39.970	419	39.995	488
40.021	413	40.046	488
40.071	410	40.097	488
40.122	409	40.147	487
40.173	409	40.198	487
40.224	412	40.248	488
40.274	417	40.300	487
40.325	423	40.350	487
40.375	431	40.401	487
40.427	440	40.451	488
40.477	449	40.502	488
40.528	458	40.553	487
40.578	467	40.604	487
40.629	475	40.655	488
40.679	482	40.705	487
40.731	487	40.756	488
40.781	490	40.806	487
40.832	492	40.858	488
40.882	491	40.908	488
40.933	489	40.959	488
40.984	484	41.009	487
41.035	478	41.060	487
41.085	470	41.111	488
41.136	462	41.162	487
41.186	452	41.212	488
41.238	443	41.263	487
41.288	434	41.313	488
41.339	427	41.365	487
41.389	420	41.415	488
41.440	415	41.466	488
41.491	412	41.516	487
41.542	411	41.567	487
41.592	412	41.617	488
41.643	414	41.669	487
41.693	418	41.719	487
41.744	425	41.770	488
41.795	433	41.820	487
41.846	441	41.871	488
41.896	450	41.922	487
41.947	459	41.973	488
41.997	467	42.023	487
42.049	474	42.074	487
42.099	481	42.124	487
42.150	486	42.176	487
42.200	489	42.226	488
42.251	490	42.277	487
42.302	489	42.327	488
42.353	487	42.378	487
42.403	482	42.428	488
42.454	475	42.480	487
42.504	469	42.530	488
42.555	460	42.581	487
42.606	452	42.631	488
42.657	442	42.682	488
42.707	435	42.733	488
42.758	427	42.784	488
42.808	421	42.834	487
42.860	416	42.885	487
42.910	414	42.935	487
42.961	412	42.987	487
43.011	414	43.037	487
43.062	416	43.088	487
43.113	421	43.138	487
43.164	427	43.189	488
43.214	433	43.239	488
43.265	442	43.291	488
43.315	450	43.341	488
43.366	459	43.392	487
43.417	466	43.442	487
43.468	474	43.493	487
43.518	480	43.544	488
43.569	484	43.595	487
43.619	487	43.645	488
43.671	488	43.696	488
43.721	487	43.746	488
43.772	484	43.798	488
43.822	480	43.848	488
43.873	474	43.899	487
43.924	467	43.949	488
43.975	459	44.000	488
44.025	451	44.051	487
44.076	442	44.102	488
44.126	435	44.152	488
44.177	428	44.203	488
44.228	422	44.253	488
44.279	418	44.304	488
44.330	415	44.355	487
44.380	415	44.406	488
44.431	416	44.456	487
44.482	418	44.507	488
44.533	423	44.557	487
44.583	429	44.609	488
44.634	435	44.659	488
44.684	443	44.710	487
44.736	451	44.760	487
44.786	459	44.811	487
44.837	466	44.862	487
44.887	473	44.913	488
44.938	479	44.963	487
44.988	483	45.014	487
45.040	485	45.064	488
45.090	486	45.115	487
45.141	484	45.166	488
45.191	482	45.217	487
45.242	478	45.267	487
45.293	472	45.318	487
45.344	465	45.368	488
45.394	458	45.420	487
45.445	450	45.470	488
45.495	442	45.521	488
45.547	435	45.571	488
45.597	429	45.622	488
45.648	423	45.673	487
45.698	420	45.724	488
45.749	417	45.774	488
45.799	416	45.825	488
45.851	417	45.875	487
45.901	421	45.926	487
45.952	425	45.977	487
46.002	430	46.028	487
46.053	437	46.078	487
46.104	444	46.129	487
46.155	451	46.179	488
46.205	459	46.231	488
46.256	466	46.281	488
46.306	473	46.332	488
46.358	478	46.382	488
46.408	481	46.433	487
46.459	483	46.484	488
46.509	484	46.535	487
46.560	483	46.585	488
46.611	480	46.636	488
46.662	476	46.686	487
46.712	470	46.737	488
46.763	464	46.788	488
46.813	457	46.839	488
46.864	450	46.889	487
46.915	442	46.940	488
46.966	435	46.990	487
47.016	429	47.042	488
47.067	425	47.092	487
47.117	421	47.143	488
47.169	419	47.193	487
47.219	418	47.244	488
47.270	419	47.295	487
47.320	422	47.346	488
47.371	426	47.397	487
47.422	432	47.447	488
47.473	438	47.498	488
47.523	445	47.548	488
47.574	452	47.600	488
47.624	459	47.650	488
47.675	467	47.701	487
47.726	471	47.751	487
47.777	477	47.802	488
47.827	480	47.853	487
47.878	482	47.904	488
47.928	482	47.954	487
47.980	481	48.005	487
48.030	479	48.055	487
48.081	474	48.107	487
48.131	468	48.157	488
48.182	463	48.208	488
48.233	456	48.258	488
48.284	449	48.309	488
48.334	442	48.359	488
48.385	436	48.411	487
48.435	430	48.461	487
48.486	425	48.512	487
48.537	423	48.562	488
48.588	420	48.613	487
48.638	420	48.664	487
48.689	422	48.715	488
48.739	424	48.765	487
48.791	428	48.816	487
48.841	434	48.866	487
48.892	439	48.918	488
48.942	446	48.968	487
48.993	453	49.019	487
49.044	459	49.069	488
49.095	466	49.120	487
49.145	471	49.171	488
49.196	475	49.222	488
49.246	479	49.272	487
49.297	480	49.323	487
49.348	480	49.373	487
49.399	479	49.424	487
49.449	476	49.475	488
49.500	473	49.526	487
49.550	467	49.576	488
49.602	462	49.627	488
49.652	455	49.677	488
49.703	449	49.729	487
49.753	442	49.779	488
49.804	436	49.830	487
49.855	431	49.880	488
49.906	426	49.931	487
49.956	424	49.982	488
50.007	423	50.033	488
50.057	422	50.083	487
50.108	423	50.134	487
50.159	426	50.184	487
50.210	430	50.235	488
50.260	435	50.286	487
50.311	441	50.337	488
50.361	447	50.387	487
50.413	453	50.438	488
50.463	460	50.488	488
50.514	465	50.540	488
50.564	470	50.590	487
50.615	474	50.641	488
50.666	477	50.691	487
50.717	479	50.742	487
50.767	479	50.793	487
50.818	477	50.844	487
50.868	475	50.894	488
50.919	471	50.945	487
50.970	465	50.995	487
51.021	460	51.046	487
51.071	454	51.097	488
51.122	448	51.148	487
51.172	442	51.198	488
51.224	436	51.249	487
51.274	432	51.299	487
51.325	428	51.351	487
51.375	425	51.401	488
51.426	424	51.452	487
51.477	424	51.502	488
51.528	425	51.553	488
51.578	428	51.604	488
51.629	431	51.655	487
51.679	437	51.705	487
51.731	442	51.756	488
51.781	448	51.806	487
51.832	454	51.857	488
51.882	460	51.908	488
51.933	465	51.959	487
51.983	470	52.009	487
52.035	473	52.060	488
52.085	476	52.110	488
52.136	477	52.162	488
52.186	477	52.212	488
52.237	475	52.263	487
52.288	472	52.313	487
52.339	469	52.364	488
52.389	464	52.415	488
52.440	460	52.466	487
52.490	454	52.516	488
52.542	447	52.567	488
52.592	442	52.617	487
52.643	437	52.668	487
52.693	433	52.719	488
52.744	429	52.770	487
52.794	427	52.820	488
52.846	425	52.871	488
52.896	426	52.921	488
52.947	427	52.973	488
52.997	430	53.023	488
53.048	433	53.074	488
53.099	438	53.124	487
53.150	443	53.175	488
53.200	448	53.226	488
53.251	454	53.277	488
53.301	459	53.327	487
53.353	464	53.378	487
53.403	468	53.428	488
53.454	472	53.479	487
53.504	474	53.530	488
53.555	475	53.581	487
53.605	475	53.631	488
53.657	474	53.682	487
53.707	471	53.732	488
53.758	468	53.784	487
53.808	463	53.834	488
53.859	458	53.885	487
53.910	453	53.935	487
53.961	447	53.986	488
54.011	442	54.037	487
54.062	437	54.088	488
54.112	433	54.138	487
54.164	430	54.189	488
54.214	428	54.239	487
54.265	427	54.291	488
54.315	428	54.341	487
54.366	429	54.392	488
54.416	431	54.442	487
54.468	435	54.493	488
54.518	439	54.543	487
54.569	444	54.595	488
54.619	449	54.645	488
54.670	455	54.696	487
54.721	460	54.746	487
54.772	464	54.797	488
54.822	468	54.848	487
54.873	471	54.899	488
54.923	473	54.949	488
54.975	473	55.000	488
55.025	473	55.050	487
55.076	472	55.102	488
55.126	469	55.152	487
55.177	466	55.203	487
55.227	462	55.253	488
55.279	457	55.304	487
55.329	452	55.354	487
55.380	447	55.406	488
55.430	442	55.456	488
55.481	438	55.507	488
55.532	434	55.557	487
55.583	431	55.608	488
55.633	429	55.659	487
55.684	428	55.710	488
55.734	429	55.760	487
55.786	430	55.811	488
55.836	433	55.861	488
55.887	437	55.913	488
55.937	441	55.963	487
55.988	445	56.014	487
56.038	449	56.064	487
56.090	455	56.115	488
56.140	459	56.165	488
56.191	464	56.217	487
56.241	467	56.267	488
56.292	470	56.318	488
56.344	472	56.368	488
56.394	472	56.419	487
56.445	472	56.470	488
56.495	470	56.521	488
56.546	468	56.571	488
56.597	464	56.622	487
56.648	461	56.672	488
56.698	456	56.724	488
56.749	451	56.774	487
56.799	447	56.825	488
56.851	442	56.875	488
56.901	438	56.926	488
56.952	435	56.976	487
57.002	433	57.028	488
57.053	431	57.078	487
57.103	430	57.129	488
57.155	431	57.179	487
57.205	433	57.230	488
57.256	435	57.281	487
57.306	438	57.332	487
57.357	441	57.382	488
57.408	446	57.433	487
57.459	450	57.483	487
57.509	455	57.535	487
57.560	459	57.585	488
57.610	463	57.636	488
57.662	466	57.686	487
57.712	469	57.737	487
57.763	470	57.787	488
57.813	471	57.839	487
57.864	470	57.889	488
57.914	469	57.940	487
57.966	466	57.990	487
58.016	463	58.041	488
58.067	459	58.092	488
58.117	455	58.143	488
58.168	451	58.193	487
58.219	446	58.244	488
58.270	442	58.294	488
58.320	439	58.346	488
58.371	436	58.396	487
58.421	433	58.447	488
58.473	432	58.497	487
58.523	432	58.548	488
58.574	432	58.598	487
58.624	434	58.650	488
58.675	436	58.700	488
58.725	440	58.751	488
58.777	443	58.801	487
58.827	447	58.852	487
58.878	451	58.903	488
58.928	455	58.954	487
58.979	459	59.004	488
59.030	463	59.055	487
59.081	465	59.105	488
59.131	467	59.157	487
59.182	469	59.207	488
59.232	469	59.258	488
59.284	469	59.308	488
59.334	466	59.359	487
59.385	465	59.409	487
59.435	462	59.461	488
59.486	458	59.512	488
59.536	454	59.562	487
59.588	450	59.613	487
59.638	446	59.663	487
59.689	442	59.715	487
59.739	439	59.765	488
59.790	437	59.816	487
59.841	435	59.866	488
59.892	433	59.917	487
59.942	433	59.968	488
59.993	434	60.019	487
60.043	436	60.069	488
60.095	438	60.120	488
60.145	441	60.170	487
60.196	444	60.222	488
60.246	448	60.272	487
60.297	452	60.323	488
60.347	455	60.373	487
60.399	459	60.424	488
60.449	462	60.474	488
60.500	464	60.526	487
