#Creator: pendulumviewEventBuffer
#Creation time: Mon Mar  7 09:51:44 2022
#Time A	Pos A	Time B	Pos B
#[s]	[au]	[s]	[au]
0.025	472	0.051	553
0.076	511	0.102	594
0.126	548	0.152	630
0.178	577	0.203	660
0.228	600	0.253	683
0.279	613	0.305	695
0.329	617	0.355	698
0.380	611	0.406	693
0.431	597	0.456	677
0.482	573	0.507	654
0.532	542	0.558	622
0.583	507	0.609	585
0.633	466	0.659	543
0.684	425	0.710	500
0.736	383	0.760	458
0.786	345	0.811	417
0.837	309	0.862	382
0.887	281	0.913	352
0.938	261	0.963	331
0.989	249	1.014	319
1.040	245	1.064	317
1.090	250	1.116	322
1.141	265	1.166	339
1.191	289	1.217	364
1.243	319	1.267	396
1.293	354	1.318	432
1.344	393	1.369	474
1.394	434	1.420	516
1.445	475	1.470	559
1.495	513	1.521	598
1.547	548	1.571	632
1.597	574	1.622	661
1.648	596	1.673	681
1.698	607	1.724	692
1.749	610	1.774	695
1.800	604	1.825	689
1.851	588	1.875	672
1.901	566	1.927	648
1.952	536	1.977	616
2.002	501	2.028	578
2.054	462	2.078	538
2.104	421	2.129	494
2.155	382	2.180	453
2.205	344	2.231	414
2.256	311	2.281	380
2.307	284	2.332	350
2.358	264	2.382	331
2.408	253	2.433	321
2.459	250	2.484	320
2.509	257	2.535	327
2.560	272	2.585	345
2.611	294	2.636	369
2.662	325	2.686	402
2.712	359	2.738	439
2.763	398	2.788	480
2.813	437	2.839	522
2.865	477	2.889	563
2.915	513	2.940	602
2.966	546	2.991	634
3.016	572	3.042	662
3.067	592	3.093	681
3.118	602	3.143	690
3.169	605	3.194	692
3.219	598	3.244	685
3.270	582	3.296	667
3.320	559	3.346	641
3.371	530	3.397	609
3.422	495	3.447	572
3.473	458	3.498	531
3.523	418	3.549	489
3.574	380	3.600	449
3.624	344	3.650	410
3.676	313	3.701	377
3.726	287	3.751	350
3.777	268	3.803	332
3.827	258	3.853	323
3.878	256	3.904	323
3.929	262	3.954	332
3.980	278	4.005	350
4.030	301	4.055	376
4.081	330	4.107	408
4.131	364	4.157	445
4.182	402	4.208	485
4.233	440	4.258	527
4.284	478	4.309	568
4.334	513	4.360	605
4.385	545	4.411	637
4.435	570	4.461	663
4.487	588	4.512	679
4.537	598	4.562	688
4.588	599	4.614	688
4.638	592	4.664	679
4.689	576	4.715	661
4.740	554	4.765	635
4.791	525	4.816	602
4.841	491	4.867	564
4.892	454	4.918	525
4.942	416	4.968	484
4.993	378	5.019	444
5.044	343	5.069	406
5.095	314	5.120	375
5.145	289	5.171	350
5.196	272	5.222	334
5.246	263	5.272	327
5.298	261	5.323	326
5.348	268	5.373	338
5.399	284	5.425	356
5.449	306	5.475	383
5.500	335	5.526	415
5.551	369	5.576	452
5.602	405	5.627	492
5.652	442	5.678	533
5.703	479	5.729	572
5.753	513	5.779	608
5.804	543	5.830	638
5.855	567	5.880	663
5.906	584	5.931	678
5.956	593	5.982	685
6.007	594	6.033	684
6.057	587	6.083	674
6.109	571	6.134	655
6.159	549	6.184	628
6.210	520	6.236	596
6.260	487	6.286	558
6.311	451	6.337	519
6.362	414	6.387	478
6.413	378	6.438	440
6.463	344	6.489	404
6.514	315	6.540	374
6.564	291	6.590	350
6.615	275	6.641	335
6.666	266	6.691	329
6.717	265	6.742	330
6.767	272	6.793	343
6.818	288	6.844	362
6.868	311	6.894	389
6.920	339	6.945	422
6.970	373	6.995	459
7.021	408	7.047	498
7.071	444	7.097	538
7.122	480	7.148	576
7.173	513	7.198	610
7.224	542	7.249	640
7.274	565	7.300	663
7.325	581	7.351	677
7.375	589	7.401	682
7.427	590	7.452	681
7.477	582	7.502	668
7.528	566	7.553	649
7.578	544	7.604	622
7.629	515	7.655	588
7.679	483	7.705	551
7.731	448	7.756	513
7.781	412	7.806	474
7.832	377	7.858	437
7.882	344	7.908	402
7.933	316	7.959	373
7.984	293	8.009	351
8.035	278	8.060	338
8.085	270	8.111	333
8.136	269	8.162	336
8.186	277	8.212	349
8.238	293	8.263	369
8.288	315	8.313	397
8.339	343	8.364	429
8.389	375	8.415	465
8.440	410	8.466	504
8.490	446	8.516	543
8.542	480	8.567	580
8.592	514	8.617	613
8.643	541	8.669	641
8.693	563	8.719	662
8.744	578	8.770	675
8.795	586	8.820	679
8.846	586	8.871	676
8.896	577	8.922	663
8.947	562	8.973	642
8.997	539	9.023	615
9.049	512	9.074	582
9.099	480	9.124	545
9.150	445	9.175	507
9.200	409	9.226	468
9.251	376	9.277	432
9.301	344	9.327	399
9.353	317	9.378	372
9.403	295	9.428	352
9.454	281	9.480	341
9.504	273	9.530	337
9.555	273	9.581	341
9.606	282	9.631	355
9.657	297	9.682	376
9.707	320	9.733	404
9.758	347	9.784	436
9.808	379	9.834	472
9.860	413	9.885	510
9.910	447	9.935	548
9.961	481	9.987	583
10.011	513	10.037	615
10.062	540	10.088	641
10.112	561	10.138	660
10.164	575	10.189	671
10.214	583	10.239	675
10.265	582	10.291	670
10.315	573	10.341	656
10.366	558	10.392	635
10.417	535	10.442	608
10.468	508	10.493	575
10.518	476	10.544	539
10.569	442	10.595	502
10.619	407	10.645	464
10.671	374	10.696	430
10.721	343	10.746	399
10.772	317	10.798	372
10.822	296	10.848	354
10.873	283	10.899	343
10.923	276	10.949	341
10.975	276	11.000	347
11.025	285	11.050	361
11.076	301	11.102	383
11.126	323	11.152	411
11.177	350	11.203	442
11.228	382	11.253	479
11.279	415	11.304	516
11.329	450	11.355	552
11.380	482	11.406	587
11.430	514	11.456	617
11.482	540	11.507	642
11.532	560	11.557	659
11.583	573	11.609	668
11.633	579	11.659	671
11.684	579	11.710	664
11.734	570	11.760	650
11.786	554	11.811	629
11.836	532	11.861	601
11.887	504	11.913	568
11.937	473	11.963	533
11.988	440	12.014	496
12.039	405	12.064	460
12.090	373	12.115	426
12.140	343	12.166	397
12.191	318	12.217	373
12.241	298	12.267	356
12.293	285	12.318	348
12.343	279	12.368	346
12.394	280	12.420	354
12.444	288	12.470	368
12.495	304	12.521	390
12.545	327	12.571	418
12.597	354	12.622	450
12.648	386	12.672	485
12.698	418	12.724	521
12.749	452	12.774	557
12.799	484	12.825	589
12.851	514	12.875	618
12.901	539	12.926	641
12.952	559	12.977	656
13.002	571	13.028	665
13.053	577	13.078	665
13.104	576	13.129	658
13.155	566	13.179	642
13.205	550	13.231	621
13.256	528	13.281	594
13.306	500	13.332	561
13.358	469	13.382	527
13.408	437	13.433	491
13.459	403	13.483	456
13.509	371	13.535	424
13.560	342	13.585	397
13.610	318	13.636	374
13.662	299	13.686	359
13.712	287	13.737	351
13.763	281	13.788	352
13.813	282	13.839	360
13.864	292	13.889	375
13.915	308	13.940	398
13.966	331	13.990	425
14.016	358	14.042	457
14.067	389	14.092	491
14.117	421	14.143	526
14.169	454	14.193	560
14.219	486	14.244	592
14.270	515	14.294	618
14.320	540	14.346	640
14.371	558	14.396	653
14.421	570	14.447	661
14.473	575	14.497	660
14.523	573	14.548	652
14.574	563	14.599	636
14.624	547	14.650	614
14.675	524	14.700	586
14.726	497	14.751	554
14.777	466	14.801	521
14.827	434	14.853	487
14.878	401	14.903	453
14.928	369	14.954	422
14.980	341	15.004	397
15.030	317	15.055	376
15.081	299	15.105	363
15.131	287	15.157	356
15.182	283	15.207	357
15.232	285	15.258	366
15.284	295	15.308	382
15.334	312	15.359	405
15.385	334	15.410	432
15.435	362	15.461	463
15.486	392	15.511	496
15.537	424	15.562	531
15.588	457	15.613	563
15.638	488	15.664	593
15.689	516	15.715	619
15.739	540	15.765	638
15.791	557	15.816	651
15.841	569	15.866	657
15.892	572	15.918	655
15.942	569	15.968	646
15.993	559	16.019	630
16.043	543	16.069	606
16.095	520	16.120	580
16.145	493	16.170	549
16.196	462	16.222	517
16.246	430	16.272	483
16.297	398	16.323	451
16.348	367	16.373	422
16.399	340	16.424	397
16.449	317	16.475	378
16.500	300	16.526	366
16.550	289	16.576	361
16.602	285	16.627	363
16.652	288	16.677	373
16.703	299	16.729	389
16.753	315	16.779	412
16.804	338	16.830	438
16.854	366	16.880	469
16.906	396	16.931	502
16.956	428	16.981	534
17.007	459	17.033	566
17.057	490	17.083	594
17.108	517	17.134	618
17.159	540	17.184	635
17.210	557	17.235	647
17.260	567	17.286	652
17.311	571	17.337	650
17.361	567	17.387	639
17.413	557	17.438	623
17.463	539	17.488	601
17.514	517	17.540	574
17.564	489	17.590	543
17.615	459	17.641	512
17.665	427	17.691	480
17.717	396	17.742	449
17.767	365	17.792	421
17.818	339	17.844	398
17.868	316	17.894	381
17.919	301	17.945	369
17.970	290	17.995	365
18.021	287	18.046	369
18.071	291	18.097	379
18.122	302	18.148	395
18.172	320	18.198	418
18.224	342	18.249	445
18.274	369	18.299	475
18.325	400	18.351	506
18.375	431	18.401	538
18.426	463	18.452	567
18.476	492	18.502	594
18.528	519	18.553	617
18.578	541	18.603	633
18.629	556	18.655	643
18.679	566	18.705	648
18.730	569	18.756	644
18.781	564	18.806	633
18.832	553	18.857	617
18.883	535	18.908	594
18.933	512	18.959	568
18.984	485	19.009	538
19.035	455	19.060	507
19.086	423	19.110	477
19.136	392	19.162	447
19.187	362	19.212	421
19.237	337	19.263	399
19.289	316	19.313	384
19.339	301	19.364	374
19.390	291	19.414	370
19.440	289	19.466	374
19.491	293	19.516	385
19.541	305	19.567	402
19.593	323	19.617	424
19.643	346	19.668	450
